4294967278,390
4294967279,324
4294967279,325
4294967279,323
4294967278,174
4294967279,76
4294967279,75
4294967279,74
4294967279,71
4294967279,70
4294967279,69
4294967279,68
4294967279,67
4294967279,260
4294967278,392
4294967279,322
4294967278,389
4294967279,321
4294967278,166
4294967278,295
4294967278,147
154,6
154,5
154,4
154,3
154,2
154,1
4294967278,138
4294967279,138
4294967294,409
4294967294,398
4294967294,456
152,4
152,2
152,1
4294967294,442
4294967279,272
151,4
151,3
151,2
151,1
150,5
4294967278,265
150,4
150,3
150,2
150,1
4294967278,263
149,4
149,3
149,2
149,1
4294967294,1423
148,5
148,4
148,3
148,2
148,1
4294967294,1424
4294967294,157
147,4
147,3
147,2
147,1
4294967278,329
146,4
146,3
146,2
146,1
4294967278,256
145,6
145,5
145,4
145,3
145,2
145,1
144,4
144,3
144,2
144,1
4294967278,237
143,5
143,4
143,3
143,2
143,1
4294967294,429
4294967294,413
4294967294,385
4294967294,397
4294967294,160
4294967294,400
4294967294,384
4294967294,458
4294967294,454
4294967278,317
4294967294,1157
4294967294,163
4294967294,1078
4294967294,1075
4294967279,330
4294967278,38
4294967278,37
4294967278,35
4294967278,260
4294967278,34
4294967278,33
4294967278,32
4294967278,31
4294967278,30
4294967278,29
4294967278,28
4294967278,27
4294967278,26
4294967278,25
4294967278,24
4294967278,23
4294967278,22
4294967278,21
4294967278,20
4294967278,19
4294967278,18
4294967278,17
4294967278,16
4294967278,15
4294967278,14
4294967278,13
4294967278,12
4294967278,11
4294967278,10
4294967278,9
4294967278,8
4294967278,7
4294967278,6
4294967278,5
4294967278,4
4294967279,132
4294967279,131
4294967279,130
4294967279,129
4294967279,128
4294967279,127
4294967279,126
4294967279,125
4294967279,124
4294967279,123
4294967279,122
4294967279,121
4294967279,120
4294967279,119
4294967279,118
4294967279,117
4294967279,116
4294967279,239
4294967279,115
4294967279,237
4294967279,114
4294967279,235
4294967279,113
4294967279,112
4294967279,111
4294967279,229
4294967279,110
4294967279,227
4294967279,109
4294967279,225
4294967279,108
4294967279,107
4294967279,21
4294967279,20
4294967279,19
4294967279,16
4294967278,161
4294967278,293
4294967278,383
4294967278,382
4294967278,149
142,6
142,5
142,4
142,3
142,2
142,1
4294967278,36
4294967278,145
4294967278,144
4294967278,143
4294967279,278
4294967279,137
4294967279,288
4294967278,136
4294967279,135
4294967278,134
139,4
139,3
139,2
139,1
4294967278,133
4294967279,275
4294967278,272
4294967294,388
4294967278,270
4294967278,271
4294967279,273
138,5
4294967279,271
138,4
4294967278,268
138,3
138,2
138,1
4294967279,270
4294967278,267
4294967279,13
4294967279,285
137,4
4294967279,268
137,3
137,2
137,1
4294967279,267
4294967279,265
4294967279,266
136,5
4294967279,264
136,4
4294967279,263
136,3
136,2
136,1
4294967279,282
4294967279,261
135,4
135,3
135,2
135,1
4294967294,179
4294967294,593
4294967294,167
4294967294,402
4294967294,415
4294967294,587
4294967294,455
4294967294,452
4294967294,469
4294967279,279
134,4
134,3
134,2
134,1
4294967294,1082
4294967294,1071
4294967294,1159
133,6
133,5
4294967278,255
133,4
133,3
133,2
133,1
4294967278,254
4294967278,252
132,4
4294967278,250
132,3
132,2
132,1
4294967278,248
4294967278,244
4294967278,246
131,5
4294967278,242
131,4
4294967278,240
131,3
131,2
131,1
4294967278,238
4294967278,233
4294967279,230
4294967278,224
4294967278,216
4294967278,357
4294967278,380
4294967278,379
4294967278,377
4294967278,378
4294967279,571
4294967278,376
4294967279,568
4294967278,374
4294967279,567
4294967278,319
4294967278,373
4294967279,566
4294967278,249
4294967278,247
4294967278,241
4294967279,133
4294967294,426
4294967294,12
4294967294,14
4294967294,126
4294967294,20
4294967294,13
4294967294,396
4294967294,178
4294967294,183
4294967294,112
130,6
130,5
130,4
130,3
130,2
130,1
4294967278,352
127,4
127,3
127,2
127,1
4294967279,155
126,5
126,4
126,3
126,2
126,1
125,4
125,3
125,2
125,1
124,5
124,4
124,3
124,2
124,1
123,4
123,3
123,2
123,1
4294967294,1155
4294967294,1072
122,4
122,3
122,2
122,1
4294967294,1425
121,6
4294967294,392
4294967294,114
4294967279,274
121,5
121,4
121,3
121,2
121,1
120,4
120,3
120,2
120,1
4294967294,387
4294967279,557
119,5
119,4
119,3
119,2
119,1
4294967279,555
4294967294,395
4294967294,152
4294967294,407
4294967294,420
4294967294,419
4294967294,424
4294967294,467
4294967294,414
4294967294,466
4294967294,449
4294967294,464
4294967294,470
4294967279,262
4294967279,553
4294967278,258
4294967278,327
4294967278,257
4294967279,550
4294967279,551
4294967278,359
4294967278,360
4294967279,549
4294967278,358
4294967278,253
4294967279,329
4294967279,546
4294967278,0
4294967278,347
4294967278,226
4294967278,222
4294967278,220
4294967278,218
4294967278,275
4294967294,386
118,6
118,5
118,4
118,3
118,2
118,1
4294967279,575
4294967279,574
4294967279,573
4294967279,572
4294967278,321
4294967278,205
4294967294,1067
4294967294,170
4294967294,1152
4294967279,570
4294967278,375
4294967279,569
4294967278,200
4294967278,318
4294967294,89
115,4
0,7
115,3
115,2
115,1
4294967279,195
4294967294,391
4294967294,115
114,5
114,4
114,3
114,2
114,1
4294967278,188
113,4
113,3
113,2
113,1
112,5
112,4
112,3
112,2
112,1
111,4
111,3
111,2
111,1
110,4
110,3
110,2
110,1
4294967294,1428
4294967294,1427
4294967294,1426
109,6
4294967279,171
109,5
109,4
109,3
109,2
109,1
108,4
108,3
108,2
108,1
4294967279,542
4294967279,563
107,5
107,4
107,3
107,2
107,1
4294967279,562
4294967294,389
4294967279,295
4294967279,328
4294967279,536
4294967279,534
4294967278,291
4294967278,290
4294967278,345
4294967278,344
4294967279,530
4294967294,425
4294967278,343
4294967279,293
4294967278,370
4294967294,156
4294967294,418
4294967279,134
4294967279,276
4294967294,5
4294967294,1
4294967294,437
4294967294,40
4294967294,38
4294967294,36
4294967294,107
4294967294,91
4294967294,90
4294967294,87
4294967294,85
4294967294,84
4294967294,120
4294967294,44
4294967294,153
4294967294,2
4294967294,76
4294967294,41
4294967294,43
4294967294,417
4294967294,52
4294967279,561
4294967294,9
4294967279,524
4294967294,127
4294967294,18
4294967294,1163
4294967294,82
4294967294,83
4294967294,68
4294967294,11
4294967278,132
4294967278,131
4294967278,130
4294967278,129
4294967278,128
4294967278,127
4294967278,126
4294967278,125
4294967278,124
4294967278,123
4294967278,251
4294967278,122
4294967278,121
4294967278,120
4294967278,119
4294967278,118
4294967278,117
4294967278,116
4294967278,115
4294967278,114
4294967278,113
4294967278,112
4294967278,111
4294967278,110
4294967278,109
